0.000000000000000000e+00 3.979999999999999982e+00 0.000000000000000000e+00
3.666666666666666963e-01 2.520000000000000018e+00 3.040000000000000036e+00
6.333333333333334147e-01 1.700000000000000122e-01 3.910000000000000142e+00
8.333333333333333703e-01 -1.689999999999999947e+00 3.509999999999999787e+00
1.233333333333333393e+00 -3.830000000000000071e+00 4.699999999999999734e-01
1.533333333333333437e+00 -3.069999999999999840e+00 -2.290000000000000036e+00
1.733333333333333393e+00 -1.540000000000000036e+00 -3.490000000000000213e+00
2.033333333333333659e+00 1.350000000000000089e+00 -3.529999999999999805e+00
2.366666666666666696e+00 3.560000000000000053e+00 -1.189999999999999947e+00
2.633333333333333304e+00 3.439999999999999947e+00 1.429999999999999938e+00
3.000000000000000000e+00 6.500000000000000222e-01 3.640000000000000124e+00
3.300000000000000266e+00 -2.240000000000000213e+00 2.899999999999999911e+00
3.633333333333333748e+00 -3.640000000000000124e+00 -8.999999999999999667e-02
3.900000000000000355e+00 -2.549999999999999822e+00 -2.560000000000000053e+00
4.200000000000000178e+00 3.200000000000000067e-01 -3.569999999999999840e+00
4.466666666666666785e+00 2.729999999999999982e+00 -2.290000000000000036e+00
4.800000000000000711e+00 3.379999999999999893e+00 1.040000000000000036e+00
5.100000000000000533e+00 1.239999999999999991e+00 3.279999999999999805e+00
5.466666666666666785e+00 -2.419999999999999929e+00 2.500000000000000000e+00
5.800000000000000711e+00 -3.339999999999999858e+00 -8.299999999999999600e-01
